255
0 0.20819999277591705 0.1664000004529953 0.5292999744415283
1 0.20339354872703552 0.17264193296432495 0.5402387380599976
2 0.1985870897769928 0.1788838654756546 0.551177442073822
3 0.19378064572811127 0.18512581288814545 0.5621161460876465
4 0.18897418677806854 0.1913677453994751 0.573054850101471
5 0.184167742729187 0.19760967791080475 0.5839935541152954
6 0.1793612837791443 0.2038516104221344 0.5949322581291199
7 0.17455483973026276 0.21009354293346405 0.6058709621429443
8 0.16974838078022003 0.2163354903459549 0.6168096661567688
9 0.1649419367313385 0.22257742285728455 0.6277483701705933
10 0.16013547778129578 0.2288193553686142 0.6386870741844177
11 0.15532903373241425 0.23506128787994385 0.6496257781982422
12 0.15052257478237152 0.2413032203912735 0.6605645418167114
13 0.14571613073349 0.24754516780376434 0.6715032458305359
14 0.14090967178344727 0.253787100315094 0.6824419498443604
15 0.13610322773456573 0.26002901792526245 0.6933806538581848
16 0.131296768784523 0.2662709653377533 0.7043193578720093
17 0.12649032473564148 0.27251291275024414 0.7152580618858337
18 0.12168387323617935 0.2787548303604126 0.7261967658996582
19 0.11687742173671722 0.28499677777290344 0.7371354699134827
20 0.1120709702372551 0.2912386953830719 0.7480741739273071
21 0.10726451873779297 0.29748064279556274 0.7590128779411316
22 0.10245806723833084 0.3037225902080536 0.7699516415596008
23 0.09765161573886871 0.30996450781822205 0.7808903455734253
24 0.09284516423940659 0.3162064552307129 0.7918290495872498
25 0.08803871273994446 0.32244837284088135 0.8027677536010742
26 0.08323226124048233 0.3286903202533722 0.8137064576148987
27 0.0784258097410202 0.33493226766586304 0.8246451616287231
28 0.07361935824155807 0.3411741852760315 0.8355838656425476
29 0.06881290674209595 0.34741613268852234 0.8465225696563721
30 0.06400645524263382 0.3536580502986908 0.8574612736701965
31 0.05920000001788139 0.35989999771118164 0.868399977684021
32 0.05978750064969063 0.3644062578678131 0.867465615272522
33 0.06037500128149986 0.3689124882221222 0.866531252861023
34 0.0609624981880188 0.37341874837875366 0.8655968904495239
35 0.06154999881982803 0.37792500853538513 0.8646625280380249
36 0.06213749945163727 0.3824312388896942 0.8637281060218811
37 0.0627250000834465 0.3869374990463257 0.8627937436103821
38 0.06331250071525574 0.39144375920295715 0.8618593811988831
39 0.06390000134706497 0.39594998955726624 0.860925018787384
40 0.0644875019788742 0.4004562497138977 0.8599905967712402
41 0.06507500261068344 0.4049625098705292 0.8590562343597412
42 0.06566250324249268 0.40946874022483826 0.8581218719482422
43 0.06624999642372131 0.4139750003814697 0.8571875095367432
44 0.06683749705553055 0.4184812605381012 0.8562531471252441
45 0.06742499768733978 0.4229874908924103 0.8553187251091003
46 0.06801249831914902 0.42749375104904175 0.8543843626976013
47 0.06859999895095825 0.4320000112056732 0.8534500002861023
48 0.06918749958276749 0.4365062415599823 0.8525156378746033
49 0.06977500021457672 0.44101250171661377 0.8515812754631042
50 0.07036250084638596 0.44551876187324524 0.8506468534469604
51 0.07095000147819519 0.4500249922275543 0.8497124910354614
52 0.07153750211000443 0.4545312523841858 0.8487781286239624
53 0.07212500274181366 0.45903751254081726 0.8478437662124634
54 0.0727125033736229 0.46354374289512634 0.8469094038009644
55 0.07329999655485153 0.4680500030517578 0.8459749817848206
56 0.07388749718666077 0.4725562632083893 0.8450406193733215
57 0.07447499781847 0.47706249356269836 0.8441062569618225
58 0.07506249845027924 0.48156875371932983 0.8431718945503235
59 0.07564999908208847 0.4860750138759613 0.8422374725341797
60 0.0762374997138977 0.4905812442302704 0.8413031101226807
61 0.07682500034570694 0.49508750438690186 0.8403687477111816
62 0.07741250097751617 0.4995937645435333 0.8394343852996826
63 0.07800000160932541 0.5041000247001648 0.8385000228881836
64 0.07628750056028366 0.5084062218666077 0.8370281457901001
65 0.07457499951124191 0.5127124786376953 0.8355562686920166
66 0.07286249846220016 0.517018735408783 0.8340843915939331
67 0.07114999741315842 0.5213249921798706 0.8326125144958496
68 0.06943749636411667 0.5256312489509583 0.8311406373977661
69 0.06772500276565552 0.5299375057220459 0.8296687602996826
70 0.06601250171661377 0.5342437624931335 0.8281968832015991
71 0.06430000066757202 0.5385500192642212 0.8267250061035156
72 0.06258749961853027 0.5428562760353088 0.8252531290054321
73 0.060874998569488525 0.5471624732017517 0.8237812519073486
74 0.059162501245737076 0.5514687299728394 0.8223093748092651
75 0.05745000019669533 0.555774986743927 0.8208374977111816
76 0.05573749914765358 0.5600812435150146 0.8193656206130981
77 0.05402500182390213 0.5643875002861023 0.8178937435150146
78 0.05231250077486038 0.5686937570571899 0.8164218664169312
79 0.050599999725818634 0.5730000138282776 0.8149499893188477
80 0.048887498676776886 0.5773062705993652 0.8134781122207642
81 0.047175001353025436 0.5816125273704529 0.8120062351226807
82 0.04546250030398369 0.5859187245368958 0.8105343580245972
83 0.04374999925494194 0.5902249813079834 0.8090624809265137
84 0.04203749820590019 0.594531238079071 0.8075906038284302
85 0.04032500088214874 0.5988374948501587 0.8061187267303467
86 0.038612499833106995 0.6031437516212463 0.8046468496322632
87 0.03689999878406525 0.607450008392334 0.8031749725341797
88 0.0351875014603138 0.6117562651634216 0.8017030954360962
89 0.03347500041127205 0.6160625219345093 0.8002312779426575
90 0.0317624993622303 0.6203687787055969 0.798759400844574
91 0.030050000175833702 0.6246749758720398 0.7972875237464905
92 0.028337499126791954 0.6289812326431274 0.795815646648407
93 0.026624999940395355 0.6332874894142151 0.7943437695503235
94 0.024912500753998756 0.6375937461853027 0.79287189245224
95 0.02319999970495701 0.6419000029563904 0.7914000153541565
96 0.02810624986886978 0.6442718505859375 0.7867468595504761
97 0.033012498170137405 0.6466437578201294 0.7820937633514404
98 0.03791875019669533 0.6490156054496765 0.77744060754776
99 0.04282499849796295 0.6513875126838684 0.7727875113487244
100 0.047731250524520874 0.6537593603134155 0.768134355545044
101 0.0526374988257885 0.6561312675476074 0.7634812593460083
102 0.05754375085234642 0.6585031151771545 0.7588281035423279
103 0.062449999153614044 0.6608750224113464 0.7541750073432922
104 0.06735625118017197 0.6632468700408936 0.7495218515396118
105 0.07226250320672989 0.6656187772750854 0.7448687553405762
106 0.07716874778270721 0.6679906249046326 0.7402155995368958
107 0.08207499980926514 0.6703624725341797 0.7355625033378601
108 0.08698125183582306 0.6727343797683716 0.7309093475341797
109 0.09188749641180038 0.6751062273979187 0.726256251335144
110 0.0967937484383583 0.6774781346321106 0.7216030955314636
111 0.10170000046491623 0.6798499822616577 0.716949999332428
112 0.10660625249147415 0.6822218894958496 0.7122969031333923
113 0.11151249706745148 0.6845937371253967 0.7076437473297119
114 0.1164187490940094 0.6869656443595886 0.7029906511306763
115 0.12132500112056732 0.6893374919891357 0.6983374953269958
116 0.12623125314712524 0.6917093992233276 0.6936843991279602
117 0.13113750517368317 0.6940812468528748 0.6890312433242798
118 0.1360437572002411 0.6964531540870667 0.6843781471252441
119 0.14094999432563782 0.6988250017166138 0.6797249913215637
120 0.14585624635219574 0.7011968493461609 0.6750718951225281
121 0.15076249837875366 0.7035687565803528 0.6704187393188477
122 0.15566875040531158 0.7059406042098999 0.665765643119812
123 0.1605750024318695 0.7083125114440918 0.6611124873161316
124 0.16548125445842743 0.7106843590736389 0.656459391117096
125 0.17038750648498535 0.7130562663078308 0.6518062353134155
126 0.17529374361038208 0.7154281139373779 0.6471531391143799
127 0.18019999563694 0.7178000211715698 0.6424999833106995
128 0.19113437831401825 0.7187812328338623 0.6369906067848206
129 0.2020687460899353 0.7197625041007996 0.6314812302589417
130 0.21300312876701355 0.7207437753677368 0.6259718537330627
131 0.2239374965429306 0.7217249870300293 0.6204624772071838
132 0.23487187922000885 0.7227062582969666 0.6149531006813049
133 0.2458062469959259 0.7236875295639038 0.609443724155426
134 0.25674062967300415 0.7246687412261963 0.6039343476295471
135 0.2676750123500824 0.7256500124931335 0.5984249711036682
136 0.27860936522483826 0.726631224155426 0.5929156541824341
137 0.2895437479019165 0.7276124954223633 0.5874062776565552
138 0.30047813057899475 0.7285937666893005 0.5818969011306763
139 0.311412513256073 0.729574978351593 0.5763875246047974
140 0.32234686613082886 0.7305562496185303 0.5708781480789185
141 0.3332812488079071 0.7315375208854675 0.5653687715530396
142 0.34421563148498535 0.73251873254776 0.5598593950271606
143 0.3551500141620636 0.7335000038146973 0.5543500185012817
144 0.36608436703681946 0.7344812750816345 0.5488406419754028
145 0.3770187497138977 0.735462486743927 0.5433312654495239
146 0.38795313239097595 0.7364437580108643 0.537821888923645
147 0.3988874852657318 0.7374250292778015 0.5323125123977661
148 0.40982186794281006 0.738406240940094 0.5268031358718872
149 0.4207562506198883 0.7393875122070312 0.5212937593460083
150 0.43169063329696655 0.7403687238693237 0.5157843828201294
151 0.4426249861717224 0.741349995136261 0.5102750062942505
152 0.45355936884880066 0.7423312664031982 0.5047656297683716
153 0.4644937515258789 0.7433124780654907 0.4992562532424927
154 0.47542813420295715 0.744293749332428 0.49374687671661377
155 0.486362487077713 0.7452750205993652 0.48823750019073486
156 0.49729686975479126 0.7462562322616577 0.48272812366485596
157 0.5082312226295471 0.747237503528595 0.47721874713897705
158 0.5191656351089478 0.7482187747955322 0.47170937061309814
159 0.5300999879837036 0.7491999864578247 0.46619999408721924
160 0.5391156077384949 0.7486875057220459 0.4625656306743622
161 0.5481312274932861 0.7481750249862671 0.45893123745918274
162 0.5571468472480774 0.7476624846458435 0.4552968740463257
163 0.5661625266075134 0.7471500039100647 0.45166251063346863
164 0.5751781463623047 0.7466375231742859 0.4480281174182892
165 0.584193766117096 0.7461249828338623 0.44439375400543213
166 0.5932093858718872 0.7456125020980835 0.4407593607902527
167 0.6022250056266785 0.7451000213623047 0.43712499737739563
168 0.6112406253814697 0.7445874810218811 0.4334906339645386
169 0.620256245136261 0.7440750002861023 0.42985624074935913
170 0.6292718648910522 0.7435625195503235 0.4262218773365021
171 0.6382874846458435 0.7430499792098999 0.422587513923645
172 0.6473031044006348 0.7425374984741211 0.4189531207084656
173 0.656318724155426 0.7420250177383423 0.4153187572956085
174 0.6653344035148621 0.7415124773979187 0.4116843640804291
175 0.6743500232696533 0.7409999966621399 0.408050000667572
176 0.6833656430244446 0.7404875159263611 0.40441563725471497
177 0.6923812627792358 0.7399749755859375 0.4007812440395355
178 0.7013968825340271 0.7394624948501587 0.39714688062667847
179 0.7104125022888184 0.7389500141143799 0.393512487411499
180 0.7194281220436096 0.7384374737739563 0.38987812399864197
181 0.7284437417984009 0.7379249930381775 0.3862437605857849
182 0.7374593615531921 0.7374125123023987 0.38260936737060547
183 0.7464749813079834 0.7368999719619751 0.3789750039577484
184 0.7554906010627747 0.7363874912261963 0.37534061074256897
185 0.7645062208175659 0.7358750104904175 0.3717062473297119
186 0.773521900177002 0.7353625297546387 0.36807188391685486
187 0.7825375199317932 0.7348499894142151 0.3644374907016754
188 0.7915531396865845 0.7343375086784363 0.36080312728881836
189 0.8005687594413757 0.7338250279426575 0.3571687638759613
190 0.809584379196167 0.7333124876022339 0.35353437066078186
191 0.8185999989509583 0.7328000068664551 0.3499000072479248
192 0.8241312503814697 0.7344687581062317 0.34511563181877136
193 0.8296625018119812 0.7361375093460083 0.3403312563896179
194 0.8351937532424927 0.7378062605857849 0.3355468809604645
195 0.8407250046730042 0.7394750118255615 0.33076250553131104
196 0.8462562561035156 0.7411437630653381 0.3259781301021576
197 0.8517875075340271 0.7428125143051147 0.32119375467300415
198 0.8573187589645386 0.7444812655448914 0.3164093792438507
199 0.86285001039505 0.746150016784668 0.31162500381469727
200 0.8683812618255615 0.7478187680244446 0.3068406283855438
201 0.873912513256073 0.7494875192642212 0.3020562529563904
202 0.8794437646865845 0.7511562705039978 0.29727187752723694
203 0.884975016117096 0.7528250217437744 0.2924875020980835
204 0.8905062675476074 0.754493772983551 0.28770312666893005
205 0.8960375189781189 0.7561625242233276 0.2829187512397766
206 0.9015687704086304 0.7578312754631042 0.27813437581062317
207 0.9071000218391418 0.7595000267028809 0.2733500003814697
208 0.9126312732696533 0.7611687779426575 0.2685656249523163
209 0.9181625247001648 0.7628375291824341 0.26378124952316284
210 0.9236937761306763 0.7645062208175659 0.2589968740940094
211 0.9292250275611877 0.7661749720573425 0.25421249866485596
212 0.9347562789916992 0.7678437232971191 0.24942812323570251
213 0.9402874708175659 0.7695124745368958 0.24464374780654907
214 0.9458187222480774 0.7711812257766724 0.23985937237739563
215 0.9513499736785889 0.772849977016449 0.2350749969482422
216 0.9568812251091003 0.7745187282562256 0.23029062151908875
217 0.9624124765396118 0.7761874794960022 0.2255062460899353
218 0.9679437279701233 0.7778562307357788 0.22072187066078186
219 0.9734749794006348 0.7795249819755554 0.21593749523162842
220 0.9790062308311462 0.781193733215332 0.21115311980247498
221 0.9845374822616577 0.7828624844551086 0.20636874437332153
222 0.9900687336921692 0.7845312356948853 0.2015843689441681
223 0.9955999851226807 0.7861999869346619 0.19679999351501465
224 0.9950000047683716 0.7923562526702881 0.1923343688249588
225 0.9944000244140625 0.7985125184059143 0.18786874413490295
226 0.9937999844551086 0.8046687245368958 0.1834031194448471
227 0.9932000041007996 0.810824990272522 0.17893749475479126
228 0.9926000237464905 0.8169812560081482 0.1744718700647354
229 0.9919999837875366 0.8231375217437744 0.17000624537467957
230 0.9914000034332275 0.8292937278747559 0.16554062068462372
231 0.9908000230789185 0.8354499936103821 0.16107499599456787
232 0.9901999831199646 0.8416062593460083 0.15660937130451202
233 0.9896000027656555 0.8477625250816345 0.15214374661445618
234 0.9890000224113464 0.853918731212616 0.14767812192440033
235 0.9883999824523926 0.8600749969482422 0.14321249723434448
236 0.9878000020980835 0.8662312626838684 0.13874687254428864
237 0.9872000217437744 0.8723875284194946 0.1342812478542328
238 0.9865999817848206 0.8785437345504761 0.12981562316417694
239 0.9860000014305115 0.8847000002861023 0.1253499984741211
240 0.9854000210762024 0.8908562660217285 0.12088437378406525
241 0.9847999811172485 0.89701247215271 0.1164187490940094
242 0.9842000007629395 0.9031687378883362 0.11195312440395355
243 0.9836000204086304 0.9093250036239624 0.1074874997138977
244 0.9829999804496765 0.9154812693595886 0.10302187502384186
245 0.9824000000953674 0.9216374754905701 0.09855625033378601
246 0.9818000197410583 0.9277937412261963 0.09409062564373016
247 0.9811999797821045 0.9339500069618225 0.08962500095367432
248 0.9805999994277954 0.9401062726974487 0.08515937626361847
249 0.9800000190734863 0.9462624788284302 0.08069375157356262
250 0.9793999791145325 0.9524187445640564 0.07622812688350677
251 0.9787999987602234 0.9585750102996826 0.07176250219345093
252 0.9782000184059143 0.9647312760353088 0.06729687750339508
253 0.9775999784469604 0.9708874821662903 0.06283125281333923
254 0.9769999980926514 0.9770437479019165 0.05836562439799309
